0,1,1,2,1
1,1,2,2,2
2,1,3,2,3
3,3,1,4,1
4,3,2,4,2
5,3,3,4,3
6,5,1,6,1
7,5,2,6,2
8,5,3,6,3
9,7,1,8,1
10,7,2,8,2
11,7,3,8,3
12,9,1,10,1
13,9,2,10,2
14,9,3,10,3
15,11,1,12,1
16,11,2,12,2
17,11,3,12,3
18,13,1,14,1
19,13,2,14,2
20,13,3,14,3
21,15,1,16,1
22,15,2,16,2
23,15,3,16,3
24,17,1,18,1
25,17,2,18,2
26,17,3,18,3
27,19,1,20,1
28,19,2,20,2
29,19,3,20,3
30,21,1,22,1
31,21,2,22,2
32,21,3,22,3
33,23,1,24,1
34,25,1,26,1
35,25,2,26,2
36,25,3,26,3
37,27,1,28,1
38,27,2,28,2
39,27,3,28,3
40,29,1,30,1
41,29,2,30,2
42,29,3,30,3
43,31,1,32,1
44,31,2,32,2
45,31,3,32,3
46,33,1,34,1
47,33,2,34,2
48,33,3,34,3
49,35,1,36,1
50,35,2,36,2
51,35,3,36,3
52,37,1,38,1
53,37,2,38,2
54,37,3,38,3
55,39,1,40,1
56,39,2,40,2
57,39,3,40,3
58,41,1,42,1
59,41,2,42,2
60,41,3,42,3
61,43,1,44,1
62,43,2,44,2
63,43,3,44,3
64,45,1,46,1
65,45,2,46,2
66,45,3,46,3
67,47,1,48,1
68,47,2,48,2
69,47,3,48,3
70,49,1,50,1
71,49,2,50,2
72,49,3,50,3
73,51,1,52,1
74,51,2,52,2
75,51,3,52,3
76,53,1,54,1
77,53,2,54,2
78,53,3,54,3
79,55,1,56,1
80,55,2,56,2
81,55,3,56,3
82,57,1,58,1
83,57,2,58,2
84,57,3,58,3
85,59,1,60,1
86,61,1,62,1
87,61,2,62,2
88,61,3,62,3
89,63,1,64,1
90,63,2,64,2
91,63,3,64,3
92,65,1,66,1
93,65,2,66,2
94,65,3,66,3
95,67,1,68,1
96,67,2,68,2
97,67,3,68,3
98,69,1,70,1
99,69,2,70,2
100,69,3,70,3
101,71,1,72,1
102,71,2,72,2
103,71,3,72,3
104,73,1
105,73,2
106,73,3
107,74,1
108,74,2
109,74,3
110,75,1
111,75,2
112,75,3
113,76,1
114,76,2
115,76,3
116,77,1
117,77,2
118,77,3
119,78,1
120,78,2
121,78,3
122,79,1,80,1
123,79,2,80,2
124,79,3,80,3
125,81,1,82,1
126,81,2,82,2
127,81,3,82,3
128,83,1,84,1
129,83,2,84,2
130,83,3,84,3
131,85,1
132,86,1
133,87,1
134,88,1
135,85,2
136,86,2
137,87,2
138,88,2
139,85,3
140,86,3
141,87,3
142,88,3
143,89,1
144,90,1
145,91,1
146,92,1
147,89,2
148,90,2
149,91,2
150,92,2
151,89,3
152,90,3
153,91,3
154,92,3
155,93,1
156,94,1
157,95,1
158,96,1
159,97,1
160,98,1
161,99,1
162,100,1
163,101,1
164,102,1
165,103,1
166,104,1
167,105,1
168,106,1
169,107,1
170,108,1
171,109,1
172,110,1
173,111,1
174,112,1
175,113,1
176,114,1
177,115,1
178,116,1
179,117,1
180,118,1
181,119,1
182,120,1
183,121,1
184,122,1
185,123,1
186,124,1
187,125,1
188,126,1
189,127,1
190,128,1
191,129,1
192,130,1
193,131,1
194,132,1
195,133,1
196,134,1
197,135,1
198,136,1
199,137,1
200,138,1
201,139,1
202,140,1
203,141,1
204,142,1
205,143,1
206,144,1
207,145,1
208,146,1
209,147,1
210,148,1
211,149,1
212,150,1
213,151,1
214,152,1
215,153,1
216,154,1
217,155,1
218,156,1
219,157,1
220,158,1
221,159,1
222,160,1
223,161,1
224,162,1
225,163,1
226,164,1
227,165,1
228,166,1
229,167,1
230,168,1
231,169,1
232,170,1
233,171,1
234,172,1
235,173,1
236,174,1
237,175,1
238,176,1
239,177,1
240,178,1
241,179,1
242,180,1
243,181,1
244,182,1
245,183,1
246,184,1
247,185,1
248,186,1
249,187,1
250,188,1
251,189,1
252,190,1
253,191,1
254,192,1
255,193,1
256,194,1
257,195,1
258,196,1
259,197,1
260,198,1
261,199,1
262,200,1
263,201,1
264,202,1
265,203,1
266,204,1
267,205,1
268,206,1
269,207,1
270,208,1
271,209,1
272,210,1
273,211,1
274,212,1
275,213,1
276,214,1
277,215,1
278,216,1
279,217,1
280,218,1
281,219,1
282,220,1
283,221,1
284,222,1
285,223,1
286,224,1
287,225,1
288,226,1
289,227,1
290,228,1
291,229,1
292,230,1
