108 0.990014 0.000730912 -0.0014043 1.00462 -456.38 -1044.45 15.6498 7501 0.996656 0.0022811 -0.00120142 1.00549 -462.081 -1045.78 14.7886 9522 1.00028 0.00328549 -0.0108595 1.00281 -460.295 -1043.45 16.1172 11698 0.996 0.00531438 0.00673602 1.01298 -454.049 -1046.78 15.5615 4524 1.0025 0.00713468 7.92409e-05 1.01303 -459.746 -1047.04 15.4166 3832 1.00297 0.0101686 -0.00398481 0.999977 -460.8 -1046.48 15.5258 1685
109 0.983009 -0.00319798 -0.00193381 0.995038 -456.318 -859.836 15.0985 11833 0.999105 -0.00486906 0.000791451 0.9977 -462.484 -861.065 14.4911 13291 1.00122 -0.00282917 -0.00659032 0.996823 -460.591 -858.552 15.5447 17803 0.992526 -0.00105885 0.00104855 1.00503 -454.277 -861.205 15.4543 6535 0.996221 -0.00214472 0.00328342 0.998416 -459.977 -861.351 15.3887 5082 1.00592 -0.00472139 0.00277481 0.995553 -461.055 -860.994 15.4057 2176
110 0.98664 -0.00419974 0.00187765 0.995419 -456.675 -675.397 15.1396 16147 1.00356 -0.0060217 0.0023732 0.999963 -463.415 -676.055 14.4197 18729 1.00157 -0.00351885 -0.00170026 0.992458 -460.971 -673.963 15.5062 26175 0.993209 0.00824833 0.000319891 1.00067 -454.414 -676.251 15.4443 8610 0.995668 -0.00178936 -0.00127458 1.00052 -460.518 -676.469 15.3617 6913 0.998333 0.00200041 -0.00419819 1.00278 -461.011 -675.643 15.3284 2645
111 0.986478 -0.00297429 0.00196846 1.00202 -457.066 -490.441 15.3321 18764 1.00365 -0.00289387 0.000384214 1.00327 -464.265 -490.555 14.4962 22224 1.002 -0.00384269 -0.000809648 0.999536 -461.17 -489.584 15.6602 31610 0.998012 0.000402588 0.00538996 1.00159 -454.295 -490.33 15.5589 10116 1.00628 0.00138257 0.00153961 1.0042 -460.397 -490.337 15.4328 8293 1.00526 -0.000514298 0.00389664 1.00116 -461.505 -489.957 15.7465 3271
112 0.984232 0.000464379 0.00113379 1.00224 -457.456 -304.999 15.4523 18924 1.00159 -0.00274187 0.00122707 1.00494 -464.707 -305.036 14.5347 22754 0.999822 -0.00367219 -0.00114618 1.00389 -461.639 -304.725 15.6957 32936 0.997188 -0.00314382 0.0064255 1.00863 -454.39 -304.743 15.4314 10532 0.999875 -0.003114 0.0027403 1.00528 -460.99 -305.011 15.1778 8550 1.00221 -0.0057823 -0.000452245 1.00975 -462.001 -304.356 15.1263 3231
113 0.984793 -0.000117883 -0.000316148 1.0038 -457.99 -119.235 15.4192 19500 1.00337 -0.000950401 0.000862706 1.00597 -465.125 -119.123 14.5422 23521 0.998655 -0.00386865 0.00184487 1.00345 -462.157 -119.4 15.6549 33809 0.993667 -0.00622609 0.00304501 1.00706 -454.925 -118.964 15.4916 11016 1.00295 -0.00190276 0.0034775 1.005 -461.093 -118.999 15.3224 9077 1.00469 -0.000235791 0.00333375 1.00694 -462.305 -118.762 15.3972 3598
114 0.982728 -0.00186376 0.000535842 1.00776 -458.288 66.5338 15.3622 20405 1.00109 0.000278976 0.00275216 1.00793 -465.219 66.7934 14.4959 24037 1.00104 -0.00210875 0.00287075 1.00369 -462.394 66.3651 15.7899 35371 0.995277 -0.0034344 0.00262087 1.00576 -454.975 66.8368 15.4787 11491 1.00303 -0.000387297 0.00598651 1.00247 -461.354 66.7369 15.335 9114 0.998823 0.00447964 0.00630797 1.00866 -462.225 67.1826 15.4175 3402
115 0.98468 -0.00318468 0.00339054 1.0022 -458.448 252.22 15.2618 20030 1.00266 1.50043e-06 0.00324502 1.00352 -465.064 252.487 14.5019 23412 1.00459 -0.00199938 0.00401192 1.00343 -462.724 251.787 15.6469 33831 0.997116 0.00111924 0.00272299 1.00716 -455.537 252.513 15.6033 11155 1.00453 0.00174855 0.00230951 1.00405 -461.674 252.86 15.3222 8927 1.00314 0.00154085 0.00395838 1.00501 -463.041 252.679 15.6882 3311
116 0.979413 -0.00343409 0.00264193 0.999535 -458.735 437.697 15.1775 18820 0.998835 -0.00200936 0.00355982 0.999896 -465.302 438.015 14.4869 21244 0.998627 -0.00173821 0.00252074 0.997824 -463.036 436.828 15.6149 30168 0.995074 -0.00620076 0.000334623 1.00477 -456.06 438.706 15.4307 10156 0.997062 -0.00784742 0.000121464 1.00354 -462.185 438.644 15.3397 7947 1.00149 -0.00212078 0.005705 1.00343 -463.725 438.393 15.7736 3008
117 0.983625 -0.0022997 0.00538786 0.998778 -459.206 622.779 15.0392 19056 1.00185 0.000478103 0.00578851 1.00145 -465.495 623.418 14.5159 20230 1.00082 -0.00433543 0.00634911 0.995983 -463.383 621.571 15.5847 29845 0.991674 -0.00493849 0.00706322 1.00753 -456.735 624.412 15.5064 9648 1.00421 -0.00253822 0.00198978 1.0071 -462.832 624.303 15.2896 7676 0.995973 -0.0110582 0.00760223 1.00311 -463.82 624.18 15.7025 2861
118 0.986208 -0.0036094 0.00760776 0.999872 -459.693 807.642 14.9833 14564 1.00066 0.000155828 0.00631594 0.995183 -465.668 808.537 14.5598 15460 1.00009 -0.00301822 0.00585876 1.00049 -463.899 806.248 15.5426 22328 0.996385 5.64608e-06 -0.000613018 1.00142 -456.895 809.841 15.4165 7696 1.0045 -0.00629354 -0.00157716 0.998194 -462.601 809.427 15.3724 6180 1.00428 -0.004484 0.00402954 0.998513 -463.921 809.316 15.8027 2269
119 0.986233 -0.00340759 0.00312498 1.00221 -460.309 992.858 15.3524 8559 1.00141 -0.00186755 0.00157508 0.997625 -465.807 993.391 14.7066 9838 1.00207 -0.00479362 0.0105424 1.00449 -464.088 991.313 15.7651 12937 0.993052 0.00151572 -0.000198592 1.0009 -456.907 995.242 15.7176 5092 1.00342 -0.0034969 -0.00264682 1.00653 -462.882 994.698 15.47 4059 1.01163 0.000210577 -0.00196825 1.00809 -463.723 994.211 15.6097 1728
120 0.985162 -0.00158986 0.00796496 1.00102 -460.987 1177.99 15.9966 3844 0.996857 -0.00580752 0.0115647 0.99625 -465.978 1177.65 15.045 5348 1.00021 -0.00453033 0.0196475 0.999507 -464.288 1176.17 16.409 6273 0.992312 -0.00312561 0.00279121 1.00468 -457.383 1180.29 15.8765 3111 1.00802 -0.00673674 0.00530174 1.00976 -463.267 1179.96 15.4844 2442 1.00129 0.000366142 0.0107656 0.996346 -463.739 1179.24 15.7856 1137
121 0.985386 -0.01291 0.00658073 1.00855 -461.489 1362.23 16.2563 1606 0.993015 -0.00434321 0.0135935 1.00571 -466.094 1362.13 15.1294 2868 0.999825 -0.000273186 0.0349601 1.0108 -464.558 1360.89 16.8788 2878 1.00144 -0.00592024 -0.000224544 0.999512 -458.139 1365.63 16.0131 1684 1.01141 -0.00305484 -0.0057714 1.00802 -463.717 1364.77 15.8319 1346 1.01424 -0.0156981 -0.00703466 1.01486 -463.086 1364.49 15.5921 743
122 0.975679 -0.00601526 -0.0041326 1.0037 -275.321 -1044.66 15.4742 3015 0.997972 -0.00378345 0.00274135 0.999661 -277.143 -1045.19 14.8303 16469 0.991639 -0.00529727 0.00734774 1.00693 -275.86 -1042.51 16.1259 15189 0.998494 -0.00189074 0.00451502 1.00598 -269.997 -1046.38 15.2249 6845 1.00578 -0.00415132 0.00426865 1.00156 -274.336 -1046.45 15.1842 6946 1.01216 -0.00142921 0.00455804 1.00791 -275.363 -1046.34 15.1026 3397
123 0.976006 -0.00252076 0.00191148 0.993106 -275.652 -859.583 14.8384 5177 0.99678 -0.00258883 0.0052933 0.997577 -277.735 -860.611 14.526 25405 0.99066 -0.000990363 0.00721225 0.997929 -276.227 -857.812 15.412 25216 0.996601 -0.00692769 0.002854 0.99404 -270.253 -860.798 14.8799 9814 1.00839 -0.00477057 0.00744943 1.00015 -274.73 -860.986 14.9063 9704 1.00925 -0.00646063 0.00493347 1.00001 -275.404 -860.813 14.8239 4420
124 0.969493 -0.00445316 0.00346963 0.997435 -276.101 -675.326 14.771 7088 0.999465 -0.00459417 0.00143423 0.999929 -278.289 -675.74 14.4432 35704 0.993226 -0.00171109 0.0031185 0.994261 -276.716 -673.691 15.1892 36554 0.996354 -0.000232261 0.00161858 1.00509 -270.403 -675.682 15.0247 12809 1.00329 -0.00318743 0.00250766 1.00346 -274.607 -675.908 14.8743 13054 1.00468 0.000602346 -0.000474069 1.00686 -276.028 -675.346 14.6195 5456
125 0.970331 -0.0025715 0.003178 1.00332 -276.734 -490.292 14.9541 8404 1.00129 -0.00194114 0.00275098 1.00136 -279.009 -490.303 14.4169 42858 0.991702 -0.00209361 0.00171119 0.995556 -277.093 -489.319 15.3875 45302 0.999395 -0.000800086 -0.00103779 1.00496 -270.979 -489.897 15.0225 15949 1.00376 -0.00442708 0.00267003 1.00364 -275.428 -489.96 14.8136 15936 1.00246 -0.00320477 -5.32704e-05 1.00644 -276.672 -489.461 14.8893 6772
126 0.96805 -0.0043442 0.00345692 1.00201 -277.003 -304.675 14.9032 7633 1.00102 -0.00390842 0.00380591 1.00254 -279.495 -304.54 14.4938 37848 0.990739 -0.000861207 0.00543834 0.999481 -277.45 -304.343 15.5048 40248 0.993121 -0.00157855 0.00161787 1.0043 -270.854 -304.106 15.0728 14442 1.00214 -0.00316091 0.00078263 1.00524 -275.637 -304.335 14.8635 14231 1.00503 -0.00587045 0.000297452 1.00961 -276.654 -303.674 14.8743 6029
127 0.972971 0.00044896 -0.00015151 1.00692 -277.458 -118.719 15.0229 8807 1.00138 -0.000304122 0.00144475 1.00539 -279.944 -118.552 14.5006 45324 0.992699 -0.00196772 0.00117152 1.00544 -277.811 -118.718 15.5021 47983 0.993985 0.00079596 0.00185207 1.00292 -271.338 -118.173 14.9422 17461 1.00363 -0.000140558 0.000985879 1.00105 -276.012 -118.394 14.8852 17315 1.00499 0.0011978 0.001834 0.999701 -277.332 -118.053 14.8653 7473
128 0.968975 -0.00591851 0.00320895 1.00638 -277.635 67.2063 14.9181 8428 1.00493 0.000544958 0.00215173 1.00531 -279.762 67.1964 14.4859 42864 0.993741 -0.00110948 0.00376383 1.00501 -277.936 67.0908 15.5634 44185 1.00289 0.000240032 0.000997435 1.00458 -271.299 67.6753 15.0245 16231 1.00861 -0.00124061 0.00205368 1.00619 -275.945 67.565 14.9872 16357 1.01098 0.00184527 0.00192841 1.00859 -277.193 67.636 14.9869 6995
129 0.972918 -0.00324406 0.00502318 1.00015 -277.768 253.245 14.8006 8111 1.001 -0.00122717 0.00268162 1.0023 -279.984 253.14 14.5287 40838 0.991869 -0.00330223 0.00458311 1.0006 -278.143 252.739 15.4231 42070 0.99528 -0.000517841 -7.72316e-06 1.00257 -271.695 253.576 14.975 15923 1.00602 -0.000733471 0.00359942 1.00419 -276.408 253.563 14.8877 15498 1.00553 -0.00172064 0.000487773 1.00155 -277.777 253.428 15.0942 6661
130 0.969208 -0.000898885 0.00299316 1.00194 -278.1 438.722 14.6467 8986 1.00099 -0.00206231 0.0010188 1.0027 -280.323 438.821 14.4858 43171 0.994002 -0.0022627 0.00181627 1.00014 -278.562 437.856 15.3745 43839 0.995515 -0.00869098 0.00256239 1.00631 -272.445 439.518 14.9542 15934 1.00369 -0.00414035 0.00356228 1.0047 -276.965 439.291 14.8421 15925 1.00731 -0.00906376 0.00340564 1.0064 -278.509 439.231 15.0285 6514
131 0.970512 0.000123771 0.00959196 0.998142 -278.983 624.01 14.7883 7839 1.00452 0.00147965 0.005636 1.00143 -280.878 624.244 14.4574 36836 0.998748 -0.00171581 0.0057531 0.994764 -279.251 622.78 15.1689 37051 0.996961 0.00320484 0.00268335 1.00332 -272.962 625.122 15.012 13883 1.00684 -0.000173216 0.00131646 1.00779 -277.461 625.194 14.8881 13878 1.00681 0.00592129 0.00431751 1.00066 -279.035 624.979 14.8915 5719
132 0.967692 -0.00245917 0.00487426 0.996356 -279.059 808.586 14.8222 6013 1.00063 -1.98938e-05 0.00199549 0.998369 -280.756 809.449 14.5054 26520 0.993202 0.000366138 0.000274074 0.996285 -279.131 806.991 15.2446 26422 0.997354 0.00200884 -0.00196619 1.00347 -272.769 810.571 14.9869 10232 1.00374 0.00180336 -0.00166599 1.0008 -277.391 810.503 14.9848 9587 1.00742 0.0110028 0.000986733 1.00072 -278.063 810.35 14.8784 4056
133 0.981026 -0.00182312 0.00435249 0.998992 -279.277 994.086 15.1721 2894 1.00258 0.00348198 0.000557398 0.998649 -280.816 994.096 14.7578 14918 0.996717 0.00349191 0.000958932 0.997576 -279.26 991.698 15.6916 13977 1.00127 0.000647415 -0.00248975 1.00452 -273.196 995.782 14.8995 6358 1.00379 0.000784155 0.00251406 1.00066 -277.648 995.527 14.8775 5924 1.00913 0.00373422 0.00162772 1.00016 -278.004 995.415 15.0871 2800
134 0.978286 -0.00816234 0.00530528 0.994992 -279.664 1179.34 16.0779 1359 1.00466 -0.00399302 -0.00131884 0.997089 -281.102 1178.49 14.8916 8027 1.0001 -0.00671173 -0.00559172 0.993065 -279.77 1176.8 16.5414 6704 0.998835 0.000421924 0.00578343 1.00949 -272.963 1180.96 15.3926 3590 1.00515 -0.00173609 0.00436062 1.0041 -277.853 1180.85 15.132 3594 1.01043 -0.000628466 -0.00276905 1.01084 -278.283 1179.97 15.3634 2001
135 0.982617 -0.0219761 0.00685706 1.00046 -280.469 1364.22 15.9051 634 1.00431 -0.0064981 0.00412436 0.994233 -281.569 1363.98 15.2711 4292 0.996185 -0.00413283 -0.0103906 1.00133 -280.244 1363.57 17.011 3248 1.00089 -0.0056123 -0.000795654 0.999805 -273.644 1366.72 15.3286 2052 1.00704 -0.00115775 -0.00303695 0.991502 -277.902 1365.99 15.3729 2207 0.998259 -0.00434233 0.00487334 1.00976 -278.647 1365.53 15.6004 1336
136 0.979708 -0.000947891 0.00037709 1.00044 -95.0563 -1042.8 15.0595 4561 1.00172 -0.00134831 -0.00399869 1.00144 -92.8273 -1044.88 15.3044 14610 0.985795 -0.00447594 0.00174015 1.00835 -93.5063 -1041.48 15.9899 11742 0.992681 -0.000982229 0.00257315 1.00346 -85.2058 -1046.1 14.8452 7689 1.00116 0.000564076 -0.00137125 0.998976 -88.1968 -1046.12 15.1767 11037 1.00799 -0.00347965 0.00414862 0.998575 -88.6767 -1045.63 14.7813 6869
137 0.974499 -0.0046934 0.00530431 0.997446 -95.4419 -859.021 14.6633 7892 0.99973 -0.00513053 0.00268588 0.998897 -93.214 -860.418 14.9077 24294 0.979721 -0.00505594 0.0078337 0.999633 -94.2461 -857.338 15.1571 20860 0.996734 -0.00374549 0.000732245 1.00044 -86.0721 -861.043 14.5257 12913 1.00633 -0.00594329 -0.00118645 0.998919 -88.9406 -860.865 14.674 16931 1.00543 -0.00177528 0.000568235 1.00217 -89.684 -860.577 14.5242 10336
138 0.972823 -0.00377733 0.0053396 1.00043 -95.5392 -674.055 14.6422 10910 0.995166 -0.00283807 0.0022052 0.99987 -93.4975 -675.3 14.7677 34629 0.974957 -0.00449145 0.00442439 0.99478 -94.5804 -673.025 15.0736 29739 0.993353 0.00116668 0.000839842 1.00318 -86.2559 -675.276 14.6204 18099 1.00209 -0.00306747 0.000168182 1.00119 -89.0083 -675.524 14.7746 24714 1.00418 -0.00273551 -0.00186688 1.00127 -89.9793 -675.248 14.4519 14606
139 0.974764 -0.00257338 0.00620316 1.00192 -96.0226 -489.162 14.6636 12098 1.00235 -0.00216705 0.00490178 1.00428 -94.2163 -489.849 14.8706 41190 0.980985 -0.00363978 0.00674071 0.99993 -95.3375 -488.877 15.2234 36156 0.997769 -0.00343361 0.000128577 1.00404 -86.6215 -489.538 14.5622 21329 1.00373 -0.00379227 0.00160566 1.00342 -89.5757 -489.797 14.7514 29142 1.00952 -0.00830103 -0.00038761 1.00477 -90.5297 -489.356 14.6062 16416
140 0.973958 -0.00326981 0.00551275 1.00606 -96.4426 -303.73 14.7012 12262 1.0042 -0.0011154 0.00332354 1.00154 -94.4901 -304.028 14.8789 42589 0.981189 -0.000234873 0.00222721 1.00016 -95.7307 -303.754 15.3264 37415 0.997293 0.0008827 0.00236471 1.0016 -87.0087 -303.624 14.5543 22412 1.00708 -0.000981796 0.000527758 1.00317 -90.0618 -303.888 14.7584 30015 1.00823 -0.00404466 -0.00034207 1.00289 -91.1154 -303.45 14.4092 17360
141 0.979274 -0.00419814 0.00219157 1.00093 -96.6145 -118.131 14.6747 12844 1.00495 -0.00368042 0.00262182 1.00362 -94.7517 -118.168 14.9365 45350 0.98103 -0.00219999 0.00258169 1.00504 -95.8427 -118.185 15.4428 39147 0.994292 -0.00045657 0.00272033 1.00434 -87.3382 -117.692 14.6963 23449 1.00765 8.37708e-05 0.000547659 1.00497 -90.3352 -117.833 14.7809 30806 1.00865 -0.00245382 -0.000410549 1.00368 -91.504 -117.452 14.5023 18122
142 0.974646 -0.00417852 -0.00130941 1.00294 -97.273 67.7991 14.7491 12416 1 -0.00048757 0.00273927 1.00263 -95.1873 67.5648 14.9085 44277 0.978398 -0.00277481 0.000642677 1.00104 -96.4357 67.3589 15.4404 37821 0.995521 -0.00204156 0.00413671 1.00243 -87.3849 67.9561 14.6287 23057 1.00391 -0.000304163 0.00384468 1.00493 -90.5233 67.9231 14.9039 30897 1.00368 -0.00349074 0.00175067 1.00346 -91.5266 68.095 14.6543 17609
143 0.975515 -0.00433311 0.00216011 1.00046 -97.2036 253.619 14.56 12758 1.0034 -0.00267504 0.00340575 1.00505 -95.0973 253.674 14.8364 42879 0.981185 -0.00281797 -0.000688359 1.00376 -96.2416 253.119 15.3526 36478 0.996777 9.28749e-05 0.00111122 1.0034 -87.7084 254.203 14.625 22190 1.00717 0.000384793 0.00323778 1.00605 -90.8152 253.876 14.7803 29275 1.00813 -0.00228792 0.00200171 1.00438 -91.9711 254.107 14.7198 17218
144 0.974033 0.000962279 0.00101885 1.00174 -97.7814 438.693 14.8003 12927 1.00031 -0.00128154 0.00424783 1.00418 -95.4578 439.303 14.9263 43213 0.981246 -0.000774299 0.00276416 1.00059 -96.6338 438.219 15.2619 35880 0.995273 -0.00275269 0.00240657 1.00497 -88.1493 439.954 14.5643 21618 1.00495 -0.00313749 0.00111745 1.0041 -91.1401 439.734 14.7834 28460 1.00854 0.000234259 0.000303246 1.00451 -92.2896 439.845 14.5829 16030
145 0.973326 -0.00272212 0.000682319 0.998384 -98.0764 623.725 14.6039 12044 1.00191 0.000788453 0.00518253 1.00233 -95.6318 625.025 14.8492 38029 0.981449 -0.00189448 0.00151326 0.997511 -96.8565 622.839 15.0883 32174 0.997422 -0.000438084 0.00515657 1.0056 -88.5037 625.785 14.6181 19557 1.00549 -0.00203687 0.00308805 1.00584 -91.3659 625.648 14.6881 25315 1.00583 0.000926123 0.00367362 1.00552 -92.5891 625.548 14.6369 14693
146 0.976902 -0.00478518 0.000435933 1.00013 -98.526 808.565 14.6747 9179 1.00259 -0.000283623 0.00498058 0.998854 -96.0331 810.463 14.8571 28885 0.985247 0.00114059 0.000240374 0.994977 -96.9597 807.416 15.0766 23870 0.998151 0.00155633 0.0020451 1.00323 -88.6106 811.286 14.5689 15036 1.00717 -0.000490052 0.00224307 1.00193 -91.6819 811.063 14.7133 18954 1.00944 0.00237337 0.0025238 0.998945 -92.5375 811.026 14.4878 11205
147 0.974362 0.00148061 -0.000412809 0.995515 -98.618 993.416 14.7327 5200 1.00242 -0.0027872 0.0134048 0.996323 -96.0314 995.34 15.1881 16211 0.986696 0.000356065 -0.00227956 0.992875 -96.7017 991.877 15.6383 13076 1.00282 -0.00152806 -0.000600735 0.998146 -89.1795 996.355 14.7026 8906 1.00896 -0.00294386 0.00274981 1.00099 -92.0396 996.129 14.8134 11150 1.00863 0.00155703 0.00185354 0.998254 -92.5489 995.88 14.765 7171
148 0.974041 -0.00320536 0.00162321 0.997139 -99.303 1177.53 15.1749 2354 0.998495 -0.00443722 0.0133021 0.990066 -96.4124 1179.65 15.6402 7988 0.988302 0.00232014 -0.0104053 0.994171 -96.8327 1176.53 16.6505 6363 1.00092 -0.00314591 -0.00103027 1.00257 -89.2533 1181.96 14.9695 4459 1.00539 -0.00399665 0.00667084 1.00441 -92.29 1181.49 15.1826 5946 1.00803 -0.00166505 0.000961611 1.00882 -92.6366 1181.02 15.0614 4106
149 0.974757 0.00533844 -0.00831337 0.992255 -99.0769 1361.38 15.6795 1095 0.998769 -0.00178028 0.013598 1.00248 -96.3758 1365.14 15.7948 3797 0.982212 -0.00528492 0.00120767 1.00298 -97.046 1362.66 17.3507 3285 0.997823 0.00298446 0.0136408 1.00156 -89.4451 1367.43 15.3696 2290 1.00583 -0.00219516 -0.000217293 1.00639 -92.3871 1366.95 15.5801 3091 0.996837 0.00636603 0.00232999 1.00185 -92.6314 1365.73 15.4691 2463
150 0.991701 -0.00378722 0.000863465 0.994548 86.9579 -1043.13 15.2003 7674 0.999875 -0.00264631 0.00262008 1.00166 91.8262 -1044.63 15.1455 11180 0.97933 -0.0126548 0.0029519 1.0105 87.5512 -1040.4 16.7049 5995 0.98616 -0.000941652 0.00239123 1.00547 97.9953 -1046.08 14.8514 4832 1.00162 -0.00447491 0.0106982 1.00072 97.1323 -1045.7 15.5474 17577 0.999826 -0.000374038 0.00335734 0.998738 96.5077 -1044.9 14.7586 14602
151 0.992687 -0.00277453 0.00520706 0.996175 86.9649 -858.49 14.8805 11000 1.00248 -0.00336252 0.00495675 0.997647 91.8818 -859.917 14.7435 15190 0.971971 -0.0100815 0.00345377 0.988272 86.2748 -856.058 15.8991 8406 0.98912 -0.00528853 -0.00351442 0.999093 97.4768 -861.045 14.4553 7534 1.00468 -0.00531188 0.00797542 1.00182 96.8534 -860.818 14.9015 23008 1.00223 -0.00368826 0.00195016 0.99961 95.9802 -860.141 14.4379 20453
152 0.991956 -0.00585658 0.00294319 0.998561 86.7792 -673.884 14.9345 14850 1.00276 -0.00267698 0.00520377 1.00015 91.7125 -674.876 14.6715 22404 0.971816 -0.00927086 0.00295738 0.992521 85.8433 -672.621 15.8421 12285 0.990243 0.00125106 0.000469614 1.0012 97.2975 -675.317 14.534 11340 1.00492 -0.000364372 0.00391332 1.00236 96.5754 -675.443 14.9012 34965 1.00692 0.000102926 -0.000488444 1.00304 95.7356 -674.949 14.3695 29430
153 0.992939 0.0005265 0.00226264 1.00325 86.0668 -488.992 14.9849 13925 0.998088 -0.000975835 0.000582817 1.00429 90.8993 -489.609 14.6157 21660 0.974274 -0.00404513 0.00155275 1.00354 85.3816 -488.68 15.9998 12540 0.986555 -0.00241038 0.000165106 1.00583 96.6761 -489.562 14.518 10841 1.00662 -0.00270293 0.00246763 1.00413 96.0409 -489.689 14.9554 34502 1.00687 -0.00198302 0.0012454 1.00421 95.3707 -489.263 14.4589 29078
154 0.99204 -0.00248769 0.00205398 1.00528 85.8278 -303.385 14.8832 16063 1.00091 -0.00182442 0.00139931 1.00651 90.7769 -303.703 14.7864 25604 0.975825 -0.0031787 0.00293838 1.00212 84.8629 -303.607 15.9534 14910 0.98496 0.000379333 -0.00294234 1.00387 96.4106 -303.802 14.3842 13199 1.00433 -0.000393802 0.000377186 1.00458 95.6934 -303.847 14.991 39794 1.00467 -0.00260221 -0.000185908 1.00521 94.7532 -303.483 14.3744 34289
155 0.992862 -0.00285426 0.00183314 1.00493 85.7836 -117.629 14.915 18479 1.00355 -0.00301614 0.00309601 1.0045 90.7449 -117.868 14.7636 28817 0.978233 -0.00034723 0.00322277 1.00305 84.9977 -118.07 15.9998 17252 0.987259 -3.45141e-05 0.00398923 1.00367 96.2055 -117.451 14.4731 14704 1.00327 -0.00350317 0.0041472 1.00677 95.4213 -117.793 14.9112 44984 1.0048 -0.00144443 0.00174534 1.00596 94.555 -117.385 14.4981 39515
156 0.992543 -0.00141451 0.00276645 1.00451 85.1571 67.8876 14.9329 18189 1.00342 -0.00123476 0.000870293 1.00184 90.245 67.8153 14.8922 28429 0.975484 -0.00332477 -0.000878443 1.00276 84.5175 67.4033 16.1001 16693 0.987558 -0.000947856 0.000826074 1.00433 96.1345 68.2911 14.4271 14711 1.00502 -0.00122868 0.00177431 1.00362 95.169 68.0549 14.9607 44201 1.0047 -0.00193671 -0.000485919 1.00268 94.3588 68.3886 14.5409 38633
157 0.992178 -0.00402366 -0.000280829 1.0019 84.9893 253.646 14.8573 19225 1.00218 -0.00280906 -0.000317645 1.00377 90.2141 253.769 14.7631 29190 0.971342 -0.00347876 0.00200026 1.0035 84.4227 253.187 16.0075 16798 0.98525 -0.00103524 -0.00312762 1.00199 95.8245 254.139 14.4235 15065 1.00438 -0.00267276 0.000574519 1.00292 94.8858 253.983 14.842 44984 1.00604 -0.00260596 0.000296003 1.00417 93.8303 254.298 14.5368 39918
158 0.992619 -0.00414296 0.00359175 1.00279 84.5046 438.91 14.8515 17824 1.00391 -0.00309028 0.00232144 1.00406 89.8675 439.517 14.7439 26563 0.97512 0.00253255 0.00104229 1.00033 83.9648 438.477 15.9269 15017 0.987244 0.000127988 -0.000679753 1.00378 95.2145 440.231 14.4818 14004 1.00559 -0.0024585 0.000903954 1.0046 94.5133 439.823 14.8328 40286 1.00642 -0.00227897 0.00241607 1.0028 93.635 439.884 14.5927 35843
159 0.99159 -0.0039259 0.00385679 0.998866 83.836 623.825 14.8998 16404 1.00311 -0.00494737 7.7374e-05 1.00126 89.5197 625.082 14.6736 24101 0.975812 -0.00156791 -0.00123219 0.997607 83.7661 622.756 15.9044 13076 0.983785 1.23902e-05 0.00540886 1.00334 94.872 626.141 14.3388 12424 1.00464 -0.00131285 -0.00133378 1.00465 94.1122 625.882 14.7331 35672 1.00454 0.000383832 0.000673132 1.00473 93.4152 625.736 14.5016 31760
160 0.991803 -0.00410433 0.00408452 0.999668 83.2921 808.582 14.7729 12711 1.00214 -0.00321481 0.00148373 1.00123 88.9632 810.282 14.7068 17985 0.972733 -0.00397288 0.000577513 0.994867 83.236 806.89 15.7181 9854 0.988178 -0.000430674 0.00245607 1.00032 94.8274 811.558 14.3041 9329 1.00551 0.000522921 -0.000437402 0.997037 94.0126 811.193 14.6925 26708 1.00628 0.000829426 0.00187823 0.998197 93.2424 811.031 14.5449 24436
161 0.987567 -0.00672299 -0.00120389 0.99016 83.0634 992.825 14.9728 8161 0.999712 -0.00212204 -0.010096 0.996767 88.8545 995.141 14.8737 11358 0.974441 0.00684849 -0.00565714 0.998721 83.9401 991.023 16.2402 5999 0.988625 -0.00193626 0.000817174 0.9955 94.7725 996.637 14.6463 5670 1.00326 -0.00162457 -0.00130081 0.997464 93.7534 996.174 15.0927 16281 1.00752 0.00145934 -0.00394073 0.996938 93.4491 995.894 14.6124 15176
162 0.987881 0.00268618 -0.00406276 0.998981 82.4362 1177 15.4876 3909 0.997322 6.36504e-05 -0.00343022 1.00401 88.5808 1179.75 15.0745 5727 0.976431 0.00424631 -0.00433728 1.00216 84.7783 1175.66 17.4504 3075 0.986083 0.00552203 0.00583671 0.999051 94.2912 1182.29 14.9526 2442 1.00558 -0.00246427 -0.00494202 0.997788 93.304 1181.07 15.3826 7829 1.00135 -0.00190114 0.000840981 0.998625 93.1919 1180.63 14.9896 7583
163 0.99369 -0.00332186 -0.00587483 0.997583 82.4635 1361.42 15.9773 1951 0.995039 -0.00616928 -0.00532043 1.0039 88.5579 1365.38 15.7066 3030 0.984887 -0.00274645 -0.00602343 1.03423 85.4154 1363.22 18.1179 1689 0.985371 -0.00647205 0.0123091 1.01238 94.1496 1368.4 15.5065 1212 1.00627 0.0028957 -0.00895885 1.01172 92.6536 1366.64 15.6692 3765 1.00858 0.00232094 -0.0016492 1.00791 92.5533 1366.17 15.3274 4120
164 0.99611 0.00343419 0.0053285 0.999321 270.221 -1042.56 15.6263 6020 0.99817 0.000150421 0.0070082 1.00197 276.761 -1043.91 15.3158 6665 1.00795 -0.0068848 -0.00478994 1.00619 270.708 -1040.29 17.6873 2230 0.977814 -0.00319894 0.00635936 0.999045 281.367 -1045.97 14.7675 3489 1.00066 -0.00364877 -1.49901e-05 1.00023 282.009 -1044.81 15.1577 17949 0.999598 -0.00167567 -0.00555632 0.996782 281.337 -1044.51 15.3067 17631
165 0.987522 -0.00134237 0.00189376 0.997022 270.022 -858.411 15.3878 8204 0.998695 -0.00271966 0.00156688 1.00163 276.561 -859.34 14.9176 8915 1.00173 0.00116605 -0.00708094 0.990311 269.25 -856.298 17.178 2979 0.968543 0.000844244 0.00590078 0.996173 281.327 -860.945 14.4347 5117 0.998068 0.00214078 0.00209611 0.998487 281.691 -859.975 14.5101 23581 0.998335 -0.000207659 -0.00190316 1.00016 280.899 -859.865 14.7964 25250
166 0.991219 -0.00792338 0.000858851 1.00231 270.196 -673.288 15.3038 11492 0.99875 -0.00450642 0.00453825 1.00487 276.905 -674.134 14.7917 12761 1.0038 -0.00193092 0.00634687 0.99907 268.954 -672.414 17.0381 4389 0.986475 -0.00636569 0.00420795 1.00509 280.678 -675.533 14.5726 7831 1.00191 -0.00173427 0.00280405 1.00458 281.654 -674.579 14.5064 35618 1.00346 -0.00359336 0.000816668 1.00228 280.94 -674.517 14.7126 37794
167 0.990617 -0.0046496 -0.000120943 1.00034 269.459 -488.321 15.4717 13517 0.999256 -0.00421104 0.00363506 1.00288 276.158 -488.879 14.8356 15869 1.00765 -0.00743196 0.00118861 0.997288 268.115 -487.877 17.0368 5649 0.985502 -0.00194626 0.00191783 1.00567 280.203 -489.174 14.5946 9681 0.998449 -0.0022674 0.00461575 1.00175 281.189 -488.942 14.5397 44606 1.00345 -0.00342139 0.00161512 1.00261 280.47 -488.961 14.7474 46610
168 0.995653 -0.00227504 0.0051954 1.00691 269.719 -302.515 15.386 13865 1.00249 0.00070448 0.00228192 1.00246 276.117 -303.148 14.878 15930 1.00416 -0.00114805 0.000550627 1.00252 268.135 -302.835 17.116 6294 0.984858 -0.00126113 0.000204505 1.00632 280.134 -303.07 14.4092 10107 1.0022 -0.00293457 0.000479524 1.00443 280.875 -302.96 14.5191 44658 1.00509 -0.00213094 0.00131864 1.00376 280.237 -302.856 14.8695 47276
169 0.994774 -0.00338171 0.00338784 1.00696 269.205 -117.383 15.3656 14156 1.00393 -0.00233277 0.00234259 1.00299 276.166 -117.581 14.9057 15997 1.00675 -0.00783407 0.00390587 1.00314 268.285 -118.078 17.061 6335 0.985097 -0.00169817 0.00171538 1.00222 279.873 -117.113 14.5064 9954 1.0011 -0.00489458 0.00325984 1.00449 280.66 -117.318 14.6173 44811 1.00548 -0.00274586 0.0048784 1.00278 280.033 -117.133 14.8069 47724
170 0.995582 0.00114868 -0.000787843 1.0027 268.61 68.3507 15.4545 14502 1.00372 -0.00125352 0.00215931 1.0084 275.632 68.3909 14.9221 16826 1.01128 -0.00728606 0.00174957 1.00864 268.116 67.7095 17.1178 6341 0.988616 -0.00103431 0.00279513 1.00301 279.258 68.6932 14.5465 10424 0.999348 -0.00121888 0.00257363 1.00495 280.099 68.648 14.5274 46018 1.00305 -0.00130152 0.00192717 1.00351 279.586 68.7629 14.9099 49041
171 0.991978 -0.00439327 0.000265855 0.999701 268.469 253.907 15.3238 14423 1.00204 -0.005502 -0.00116942 1.00461 275.492 254.013 14.8305 16519 1.0038 -0.00336838 0.00638265 1.00115 267.968 253.466 17.1825 6028 0.985177 -0.00167691 0.00613559 1.00425 279.187 254.42 14.5831 10483 1.00123 -0.00235866 0.00161109 1.00408 279.989 254.344 14.5349 45327 1.00486 -0.00335143 0.00100208 1.00459 279.188 254.565 14.9407 49492
172 0.99609 -0.00605048 0.00324038 1.00157 268.043 439.277 15.4034 13510 1.00285 -0.00324073 0.000300897 1.0033 275.401 439.404 14.9042 15324 1.01351 -9.29791e-05 -0.000565067 1.00353 267.693 438.27 17.189 5399 0.987611 0.000949254 0.00612043 1.00475 278.684 440.294 14.54 10016 0.999605 -0.0030675 0.00446506 1.00393 279.735 440.174 14.4496 42044 1.0046 -0.00209284 0.00439327 1.00341 279.01 440.288 14.9375 47537
173 0.992725 -0.0103446 -0.00154711 0.997522 267.041 624.037 15.2067 11921 1.00504 -0.00655679 0.00251371 1.00194 274.604 625.219 14.8297 13526 1.01303 0.000243524 0.00524285 0.997171 266.759 623.128 17.3403 4685 0.988877 -0.00399593 -0.00425706 0.996849 278.436 626.67 14.4448 8693 1.00059 -0.00187132 0.00152651 1.00306 279.249 625.97 14.4284 37496 1.00339 -0.00342307 0.00424293 1.00246 278.73 626.281 14.8548 41115
174 0.991928 -0.000421685 0.00261026 0.998017 266.361 808.8 15.363 8890 0.99935 0.00151547 0.00189312 0.99883 274.275 810.181 14.8278 9482 1.01003 0.00432354 0.0121613 0.996995 266.476 807.652 17.2723 3342 0.982637 0.00411357 -0.00838533 0.99648 278.506 812.187 14.4702 5960 0.9976 -0.00239006 0.000536644 0.9982 279.024 811.167 14.3103 25566 1.00151 -0.0024124 0.00514768 0.995635 278.541 811.54 14.9374 28383
175 0.987146 -0.0051638 0.00172959 0.997559 265.9 993.188 15.4516 6202 0.999152 -0.00386263 0.00377919 0.993438 273.618 994.95 15.1997 6494 1.00196 0.000730951 0.0161351 0.998993 266.406 991.45 17.5802 2250 0.987706 -0.00440173 0.00674163 0.995587 278.031 996.281 14.6879 3794 0.995976 -0.00466757 0.00212935 0.997114 278.518 995.793 14.6625 17025 1.00074 -0.000687974 0.00856657 0.995425 278.641 995.915 15.2782 18546
176 0.989488 0.00534947 0.00110972 1.00299 265.693 1177.66 15.9351 3206 1.00675 -0.00142532 0.0118535 1.00733 273.624 1180.29 15.3429 3418 1.00712 0.00544885 0.01438 1.00389 267.99 1176.62 18.0668 1241 0.993009 0.00372653 0.00559225 1.00866 277.092 1182.56 15.0809 1491 0.998737 0.00137119 0.0041662 0.9981 278.111 1180.4 14.9968 7767 1.00338 0.00047737 0.00986051 0.998677 278.06 1180.58 15.5425 8197
177 0.997639 -0.00608658 -3.91784e-05 0.98547 265.308 1361.46 16.2677 1822 0.996025 0.000484972 0.00231534 1.00251 273.665 1364.47 15.6508 2107 1.00719 0.0170973 0.00878718 1.02217 268.862 1362.72 18.9549 774 1.0059 -0.00856846 0.0088281 1.00325 277.372 1366.3 15.0456 731 0.999296 -0.00765599 -0.000126065 1.00475 278.175 1365.91 15.1709 4126 1.00167 -0.0111117 0.0145278 0.99805 278.131 1365.94 15.6282 4073
178 0.98548 -0.00307998 0.00659283 1.00695 453.749 -1042.22 16.3497 3910 0.999352 -0.00622839 0.0052462 1.00359 461.918 -1043.44 15.5374 3545 1.00851 0.00233529 -0.00339028 1.00328 456.862 -1040.49 17.7712 872 0.991245 -0.000673719 0.00636095 1.00065 464.16 -1044.39 15.0617 8226 1.00109 -0.00382349 0.00487042 0.996022 467.354 -1043.85 14.906 9141 1.00087 -0.00244168 0.00659311 0.998276 466.765 -1044.04 15.123 12340
179 0.992471 0.000293845 0.00546942 0.994648 453.644 -857.395 16.0793 5133 0.992021 0.00704671 0.00216401 0.998411 461.5 -858.702 15.2754 4563 1.00052 -0.000194135 -0.00663683 1.00139 455.961 -856.627 17.363 1277 0.989894 0.000481558 0.00491897 1.00043 463.773 -859.607 14.6357 11261 1.00056 0.000626383 0.00585709 0.999502 467.224 -858.961 14.5371 12053 1.00099 0.00116659 0.0021534 1.00008 466.461 -859.077 14.7249 16514
180 0.989005 -0.00956456 0.00563675 1.003 453.392 -672.57 15.9708 7506 0.992295 -0.00771934 0.000262179 0.997286 461.554 -673.941 15.2948 6822 1.00509 -0.0185121 -0.00157988 1.00216 456.051 -672.333 17.4579 1895 0.992907 -0.00237779 0.00328793 1.00527 463.721 -674.48 14.6659 19066 1.0016 -0.00323533 0.00554721 1.00398 466.895 -673.92 14.6081 18858 1.00153 -0.00196626 0.00505426 1.00338 466.244 -674.095 14.7859 28079
181 0.993866 -0.00702881 0.00222575 1.00289 453.216 -487.546 16.068 8724 0.997573 -0.000783918 0.000444587 1.00417 461.076 -488.354 15.4901 8409 1.01393 -0.00292493 0.000249996 1.00601 455.105 -487.042 17.323 2463 0.993407 -0.00418492 0.00373031 1.00293 463.341 -488.608 14.6415 23188 1.00141 -0.00109211 0.00160348 1.00231 466.373 -488.058 14.5569 23106 1.00305 -0.00324098 0.00144012 1.003 465.864 -488.325 14.8562 33588
182 0.994327 0.000945898 0.00244455 1.00005 453.016 -302.651 15.9852 9082 0.997012 -0.00248228 -0.000468512 1.0012 461.155 -302.977 15.2096 8644 1.01585 -0.00411315 0.00663643 0.999666 454.965 -303.201 17.0605 2679 0.994692 -0.00103699 0.00312631 1.00392 463.124 -302.587 14.6367 23388 1.00183 -0.0022969 0.0028709 1.00563 466.025 -302.599 14.6136 23354 1.00253 -0.00397916 0.00125513 1.00423 465.689 -302.55 14.7503 33171
183 0.991712 -0.00343954 0.00173884 1.00343 452.646 -116.667 16.1381 9673 0.99938 -0.000178981 0.00341442 1.00395 460.967 -116.974 15.2768 9207 1.00452 0.00389493 0.00391948 0.996047 454.805 -117.497 17.149 2858 0.992485 -0.00313207 0.00110111 1.0047 462.825 -116.743 14.7594 25535 1.00356 -0.00185166 0.00233501 1.00468 465.884 -116.773 14.532 24994 1.00475 -0.00215378 0.00163597 1.00488 465.513 -116.663 14.8649 36421
184 0.996754 -0.00585887 0.00248674 1.00217 452.252 68.3174 16.0401 9390 1.00111 -0.00631417 -0.004717 1.00015 460.777 68.4273 15.3797 8993 1.01733 0.00530772 0.00187229 0.997603 455.184 67.284 17.1671 2701 0.992569 -0.000578273 0.00126476 1.00422 462.347 68.9822 14.6401 24190 1.00158 -0.00324812 -0.000416641 1.00298 465.496 68.9422 14.5417 23910 1.00274 -0.00288024 -0.000531122 1.00282 465.055 69.1059 14.8918 34091
185 0.995334 -0.00269549 0.00266115 0.999232 451.882 254.041 16.1264 9107 1.00234 -0.000522948 -0.000581644 1.0024 460.702 254.174 15.261 8617 1.00933 -0.00529043 -0.00493725 1.00885 455.188 253.145 17.2501 2508 0.99477 -0.00156245 0.00304152 1.00339 462.375 254.905 14.6823 23616 1.00377 -0.00351033 0.00313977 1.00402 465.303 254.81 14.5156 23315 1.00519 -0.00200362 0.00460168 1.00509 465.017 255.095 14.8145 34221
186 0.994824 -0.00122843 0.000358538 0.999034 451.205 439.233 16.0834 9024 0.998979 -0.0063405 0.00184733 1.00112 460.189 439.921 15.3041 8409 1.00391 -0.0044671 0.0104984 1.00785 454.492 438.568 17.4681 2326 0.995206 -0.00447511 0.00365765 1.00395 461.658 440.65 14.7274 23895 1.00398 -0.00223121 0.00224529 1.00351 464.672 440.499 14.4667 23465 1.00467 -0.00194781 0.000152122 1.00307 464.497 440.805 14.9201 34517
187 0.993275 -0.00784374 -0.000243411 0.997359 450.231 624.175 16.1012 7812 1.00341 -0.00761999 -0.00152011 0.999518 459.792 625.159 15.348 7271 1.01432 0.00035144 0.00316026 1.00718 454.256 623.919 17.4492 1881 0.993837 -0.0044443 0.00059657 0.999515 461.289 626.59 14.7006 21279 0.999149 -0.0074809 -0.000237478 1.00144 464.277 625.996 14.5745 20572 1.00329 -0.0041236 -0.00217799 1.00226 464.243 626.517 14.9146 30874
188 0.996196 -0.00323528 -0.00254546 0.997839 448.927 808.889 15.9926 6212 0.998966 0.00233507 -0.00208685 0.995191 458.771 810.21 15.3554 5648 1.01548 0.000585661 0.00294865 0.998738 452.913 809.04 17.4502 1492 0.996024 -0.000812176 -0.000799318 0.99871 460.876 811.648 14.7128 15553 1.00125 -0.00459018 0.000239622 0.997991 463.699 810.97 14.4808 15064 1.00376 -0.00258039 -0.00169302 0.993246 463.753 811.587 14.9396 21785
189 0.996489 -0.000226034 0.00423688 1.00608 448.447 993.155 16.2237 4095 1.00234 -0.00150231 0.00431755 0.997335 457.822 994.753 15.6697 3676 1.01769 -0.0029949 0.0129639 0.988771 453.395 992.471 17.7161 1012 0.995122 -0.00138977 -0.00148772 0.993437 460.563 996.151 14.7704 9188 1.00166 -0.00134886 0.00110012 0.995983 463.225 995.572 14.6166 9604 1.00111 -0.000674909 -0.00174231 0.998089 463.635 996.314 15.0131 12796
190 0.980755 0.00138386 -0.0023434 1.00114 448.294 1177.66 16.441 2527 0.997575 -0.00402063 -0.00344924 0.994509 458.051 1179.89 15.6137 2353 1.00366 0.0020583 -0.000600025 0.993895 454.267 1178.47 18.327 657 0.991278 0.00103183 0.00090762 1.00208 459.941 1181.33 14.8606 4672 0.99367 -0.00430711 -0.00202699 0.997259 463.053 1180.72 14.7962 5622 0.999831 -0.000602656 0.000309565 1.00089 463.713 1181.23 15.2243 6972
191 1.00702 0.00408707 0.00204789 0.997061 449.154 1362.35 16.6548 1435 1.01003 -0.00102957 -0.00522083 0.992076 458.684 1364.97 16.012 1482 1.02139 -0.0126679 0.00885551 0.980829 454.757 1363.22 18.0471 444 0.996158 -0.0038866 -0.00374096 1.00051 460.041 1366.39 15.1959 2164 0.99802 0.00483544 -0.00493169 1.00521 463.121 1365.27 15.2085 3127 0.997791 0.00326904 -0.0105413 1.00604 463.374 1366.4 15.6324 3411
192 0.996953 -0.0102682 0.0111724 1.01088 495.799 -1048.71 15.7765 3848 0.987849 -0.0106141 -0.000450444 0.993054 488.255 -1044.42 15.078 2431 0.99461 0.00203856 0.0181232 1.00146 493.131 -1045.11 17.1942 913 0.983826 0.00410509 0.00803011 0.992143 483.671 -1043.02 15.1748 5562 0.983001 0.00374488 0.00228539 0.977394 480.866 -1039.79 14.7467 4104 0.987694 0.00204263 0.00178393 0.980929 477.175 -1039.57 15.541 3291
193 0.999009 -0.0104097 0.00899529 0.99966 495.517 -862.744 15.4828 4274 0.996016 -0.00751168 0.00483723 1.00148 487.633 -860.723 15.1276 2662 1.00732 -0.0113705 0.0136099 1.01419 493.292 -860.707 16.5499 1078 0.972501 -0.0018379 0.00686573 0.992926 483.467 -860.272 14.7921 9153 0.972656 -0.00623714 0.00903029 0.986981 480.559 -858.238 14.7043 5325 0.966553 -0.00648023 0.00836041 0.979953 476.291 -858.256 15.5284 5665
194 0.998903 -0.00125205 0.00206848 1.00509 494.163 -676.774 15.4624 5811 0.992639 -0.00794654 0.00351425 0.99203 486.707 -675.259 15.2364 3936 1.01293 -0.00425762 0.0131243 1.00733 492.532 -674.998 16.7712 1631 0.971346 -0.00922503 0.00570729 0.999895 482.388 -675.978 14.8807 13663 0.972206 -0.00225686 0.00599534 0.992932 479.308 -674.746 14.6684 8039 0.971106 -0.00807145 0.00195478 0.996041 475.072 -675.598 15.6832 8577
195 0.997493 0.00395477 -0.000184963 0.999227 494.278 -491.699 15.4667 6935 0.995354 -0.000382178 -0.00405576 0.996527 486.696 -490.572 14.9922 4690 1.0068 -0.000428994 -0.00136361 1.0024 492.777 -490.88 16.3582 2025 0.971061 0.00419879 0.00409465 1.00355 482.08 -491.148 14.8179 17504 0.968835 0.00628731 0.000631172 0.995223 479.43 -490.6 15.0271 9588 0.970358 0.00137821 0.0018088 1.00023 475.118 -491.28 16.1479 10693
196 0.993089 0.00727153 0.00143503 1.0042 494.782 -306.13 15.5871 7495 0.987565 -0.00226413 0.00439834 1.00655 486.926 -305.805 15.2096 5234 0.986993 -0.00343534 -0.00562955 1.00001 492.955 -305.458 16.4256 2371 0.97202 0.0085577 0.00297971 1.00365 483.213 -305.727 14.9262 17824 0.970214 0.00666771 0.00226497 1.0025 480.382 -305.577 14.9613 10258 0.968559 0.0111472 0.000167518 1.0077 476.495 -305.755 16.2497 10626
197 0.99561 0.000583182 0.0025803 0.999184 495.376 -120.9 15.5029 8892 0.987963 0.000732478 0.00397195 1.00181 487.387 -119.898 15.1252 5941 0.999703 0.00759235 -0.000397216 1.00056 493.025 -120.694 16.3164 2715 0.971911 0.00674193 0.000151979 1.00482 484.224 -120.214 14.7539 20040 0.972787 0.00743419 0.00278202 1.00332 481.734 -120.272 14.966 11488 0.970201 0.00743649 0.00255527 1.01268 478.079 -120.381 16.0009 11822
198 1.00001 0.0058565 0.00100987 0.999926 495.984 65.2808 15.5201 8613 0.992477 -0.00125877 -0.000686396 1.00135 488.022 65.0787 15.1082 5943 1.00181 0.00542969 -0.00265703 0.999197 494.034 64.8078 16.3853 2651 0.976725 0.00474664 -0.00165159 1.00463 485.385 65.7086 14.8363 19639 0.974036 9.70022e-05 -0.0014509 1.00487 482.732 65.5319 14.8864 11528 0.969182 0.00109293 -0.00167827 1.00327 478.888 65.7236 15.8049 11722
199 0.995476 0.00193355 -0.000322541 1.00439 496.783 250.9 15.5639 8277 0.992174 -0.00192101 -0.00283408 1.00325 488.384 250.741 15.18 5459 1.00245 0.000847782 -0.00813098 1.00756 493.237 250.009 16.4825 2321 0.9712 0.00101051 0.00233797 1.00501 486.187 251.586 14.7458 19245 0.972567 0.00222507 -4.57315e-05 1.00266 483.078 250.978 14.7463 11093 0.965198 0.00211208 -0.000392968 1.00367 479.757 251.464 15.878 11793
200 0.995967 0.010098 -0.00142705 1.0084 497.299 437.001 15.5857 5798 0.983102 0.00810019 -0.00464094 1.00834 488.782 436.366 14.8076 3967 0.99678 0.0114733 -0.00510829 1.00594 494.581 435.058 16.5275 1613 0.972507 0.00203969 -0.00259123 1.00778 486.745 437.402 14.5977 15131 0.973306 -2.26992e-05 -0.0030099 1.00207 483.839 436.393 14.398 8200 0.966875 0.0107645 -0.000856691 1.00338 480.58 437.384 15.4365 9349
201 0.993149 0.000479662 -0.00548042 0.999214 498.027 623.088 15.5288 6849 0.979308 0.0104864 -0.00210257 0.99816 489.467 621.964 14.7537 4591 0.99426 -0.00150908 0.00130103 1.00781 494.526 621.881 16.7536 1845 0.972404 0.0055325 -0.00768507 1.00456 487.631 623.143 14.723 17008 0.970147 0.00845106 -0.00767291 0.997231 484.663 621.663 14.3916 9688 0.959251 0.00675437 -0.00525507 0.999993 481.407 622.773 15.3269 10629
202 1.00866 0.0002268 -0.00764333 1.00295 498.655 809.201 15.7973 5351 0.99274 -0.0045845 -0.00603324 0.999431 489.653 807.28 15.0012 3553 1.01343 0.00162908 2.31332e-05 1.01121 494.351 807.083 16.6599 1438 0.977306 -0.00105726 -0.00914959 0.999386 488.298 808.543 14.6782 12117 0.977771 -0.00190224 -0.0157122 0.993964 485.595 806.285 14.3337 7261 0.970551 -0.00227734 -0.0120126 0.990853 482.101 806.879 15.097 7502
203 1.01074 -0.00830368 -0.00572718 1.00933 498.993 995.653 15.9567 4120 1.00275 -0.00287552 -0.00784957 0.997645 490.187 992.472 14.7404 2570 1.0042 -0.00679541 -0.00491965 0.994726 494.307 992.017 17.0598 1097 0.97999 -0.000612752 -0.00992155 0.994569 488.42 992.889 14.7557 7067 0.979698 0.00208011 -0.0158108 0.99014 485.331 990.131 14.5499 4792 0.96904 -0.0024484 -0.0113983 0.994616 481.888 990.014 15.225 4087
204 0.986277 0.000959546 -0.0108711 1.01108 498.6 1181.83 15.6649 1218 0.990959 0.00802544 -0.00562045 1.00602 489.907 1176.94 15.0246 858 1.02849 0.00184599 -0.00424814 1.01089 494.164 1177.26 17.5222 360 0.963228 0.00517734 -0.0264563 1.00712 488.205 1177.05 15.143 1510 0.977923 0.00305308 -0.0099929 0.990713 485.618 1172.84 14.666 1440 0.961353 0.00853302 -0.0163733 0.994209 481.823 1172.46 15.7876 914
205 1.00558 0.00336818 -0.0185832 1.01008 499.104 1368.98 16.0541 1393 0.993154 -0.0172267 -0.0165105 0.999707 490.87 1363.05 15.2186 951 0.999947 -0.0154678 -0.0215095 1.0119 494.379 1365.13 17.9138 407 0.990523 0.00281522 -0.00407685 1.00285 488.741 1361.68 15.4973 1096 0.986692 -0.00335694 -0.0170271 0.993793 485.939 1357.26 15.0137 1407 0.972448 0.0107866 -0.0221457 1.01357 481.706 1356.81 16.5618 654
206 0.982707 0.00544087 0.0300123 1.00864 496.463 -1052.29 15.8507 3800 0.971863 -0.0131335 0.0195674 1.00106 488.546 -1046.85 14.6562 3326 0.962552 -0.00255917 0.026637 1.00731 491.763 -1047.39 17.2525 2189 0.985375 -0.00476217 0.0147274 1.00774 494.752 -1052.76 15.3587 3215 0.986668 -0.00886651 0.0124989 1.00494 489.701 -1049.04 15.3322 1878 0.980459 -0.007788 0.00827661 0.99716 489.642 -1047.33 15.0407 1172
207 0.978086 -0.00265882 0.0107079 1.0125 496.202 -865.448 15.237 9468 0.975403 -0.0109391 0.0101452 0.997703 486.863 -862.215 14.4457 6769 0.965094 -0.00731288 0.0107054 1.00645 489.648 -861.526 16.3608 5976 0.991487 -0.00058335 0.00979895 1.00823 494.149 -866.37 15.0221 6008 0.987454 -0.00148701 0.0119561 1.0054 488.743 -863.56 14.9663 3402 0.989251 -0.00181283 0.0083896 1.01174 488.259 -862.221 14.8447 1914
208 0.977706 0.00308761 0.00503266 1.00685 496.24 -678.595 15.1726 11534 0.971793 -0.0046552 0.00579696 0.998337 486.249 -676.867 14.3096 7895 0.966101 -0.00158959 0.00925611 0.996636 489.388 -676.4 16.2236 8077 0.994001 0.00197863 0.0064875 1.00163 494.667 -679.902 15.113 6680 0.987162 -0.000759079 0.00798213 1.00122 489.035 -678.165 14.9548 3920 0.989437 -0.00275129 -4.67405e-05 0.99659 488.105 -676.773 14.5033 2018
209 0.972605 -0.00550936 0.00293999 1.00595 495.38 -492.868 15.3067 14186 0.971433 -0.0045764 0.00451704 1.00246 485.021 -492.022 14.5852 10242 0.970049 -0.00727685 0.00705368 0.999893 488.726 -491.951 16.3882 10584 0.989045 -0.00504455 0.00426561 1.00762 494.514 -493.798 14.9336 8811 0.983439 0.0013914 0.00344323 1.0012 488.731 -492.504 15.0486 5193 0.98266 -0.00548939 0.00677957 0.992452 487.778 -491.654 14.7437 2539
210 0.975345 -0.00305848 -0.0026432 1.00639 494.334 -307.173 15.284 14926 0.973963 -0.000797406 0.00348499 1.0049 483.948 -306.7 14.5001 11129 0.972889 0.000334933 0.00105834 1.00686 487.773 -306.875 16.5685 11094 0.991665 0.000931533 0.000531702 1.00788 494.056 -307.377 15.0842 9977 0.985223 -0.0036378 0.00103013 1.00992 487.951 -306.995 15.0613 5853 0.981056 -0.00268797 -0.00131494 1.00653 487.259 -306.407 14.7885 3046
211 0.975416 -0.00414177 3.96762e-05 1.00965 493.952 -121.6 15.28 12800 0.970922 -0.00335462 0.00181518 1.00777 483.671 -121.328 14.8151 9587 0.97405 -0.00676854 -0.0001607 1.00715 487.236 -121.606 16.6033 9504 0.987555 -0.00133165 0.00155995 1.00843 494.232 -121.21 15.0235 8894 0.982674 -0.00281473 -0.00269393 1.00819 487.856 -121.088 15.0868 5139 0.986615 -0.0030364 0.000876282 1.01223 487.385 -120.674 14.809 2636
212 0.969135 -0.000727648 -0.00454047 1.0044 493.299 64.1546 15.2497 15322 0.969523 0.00122075 -0.00193676 1.00287 483.415 64.1639 14.7395 11471 0.962718 -0.000575689 -0.00496455 1.00939 486.583 64.2328 16.7284 11040 0.985168 -0.00676577 -0.0063891 1.00699 493.716 64.8389 14.9912 10737 0.981948 0.00484132 -0.00918951 1.00066 487.507 64.3832 14.9435 6172 0.985974 -0.00232616 -0.00503568 0.994531 487.016 64.8611 14.977 3045
213 0.964937 -0.00824605 -0.000484055 1.00466 492.713 250.351 15.3136 15549 0.965961 0.00117367 0.00076869 1.00397 483.474 249.916 14.8983 10884 0.972881 -0.00239921 0.000686004 1.00461 485.813 250.095 16.808 10852 0.981732 -0.00335783 -0.00040349 1.00412 493.408 251.173 15.0481 9902 0.978836 -0.00119353 0.00246842 1.0069 487.435 250.503 15.0552 5674 0.979321 -0.0069558 -0.00165429 1.00018 486.815 250.607 15.1963 2837
214 0.971728 -0.00645457 0.000785514 1.00527 491.53 435.949 15.2747 15429 0.967483 -0.00126789 -0.00350441 1.00367 483.029 435.34 14.7241 10631 0.971722 -0.011811 -0.0031063 1.0008 484.441 435.305 16.7519 10378 0.992269 -0.00648454 -0.00450704 1.00645 492.712 437.245 14.848 9655 0.98507 -0.00373478 -0.00894252 0.997699 486.837 435.787 15.01 5487 0.987816 -0.00601038 -0.00129778 0.991714 486.362 435.508 14.7968 2682
215 0.972517 -0.00015264 -0.00296177 1.00246 490.137 621.044 15.2324 14250 0.968162 -0.00125145 -0.00264868 1.00052 482.347 620.013 14.6007 9402 0.973768 -0.000576893 -0.00343099 0.999791 483.093 619.646 16.7536 9471 0.983171 -0.00162561 -0.00433408 1.00921 492.066 623.404 14.9008 8535 0.979418 -0.00663386 -0.00857805 1.00488 485.888 621.23 15.0369 4873 0.979237 0.00389223 -0.0036998 1.00644 485.515 620.397 14.7005 2464
216 0.977049 -0.0037096 -0.00715515 1.00449 489.526 806.271 15.2968 11283 0.968865 0.00115479 -0.00746729 0.989722 482.206 803.796 14.5614 7222 0.98474 -0.00536518 -0.0120735 0.992819 482.516 802.694 16.5044 7001 0.988557 -0.000526925 -0.0109712 0.999878 491.685 808.825 14.9493 6648 0.98834 -0.00290094 -0.00138415 0.996077 485.901 805.749 15.085 3830 0.981554 -0.00409184 -0.00691535 0.994737 485.601 804.979 14.7976 1859
217 0.982925 -0.0109047 -0.0160694 0.997495 488.17 990.996 15.696 6345 0.974544 0.000937198 -0.00737005 0.991653 482.052 986.969 14.6091 4586 0.986815 -0.00691806 -0.00414143 0.990905 481.958 986.369 16.7064 3800 0.989753 -0.00597115 -0.00421966 0.999103 491.142 994.411 15.0136 4803 0.987922 -0.00502063 0.00185122 0.995848 485.601 990.451 15.2193 2645 0.994727 0.00637758 0.00563481 1.00097 485.915 989.255 15.1446 1418
218 0.984088 -0.00843856 -0.022323 0.990263 487.016 1174.99 16.3432 2549 0.978865 0.00499547 -0.00750338 0.98365 482.147 1169.51 14.8826 2698 0.976252 0.00183127 -0.00753455 0.990245 482.338 1169.74 17.7718 1474 0.996922 -0.00588553 -0.011556 0.993533 490.075 1179.9 15.1331 2939 0.985141 -0.000733548 -0.0134961 0.99021 485.134 1174.51 14.9794 1766 0.987895 5.58871e-05 0.000873246 0.994674 485.196 1173.69 14.9021 1039
219 0.982468 -0.0208053 -0.0182035 0.973038 484.932 1356.35 16.7745 863 0.980344 -0.00372555 -0.0211956 0.973156 480.758 1350.44 14.9031 1303 0.956091 -0.00971368 -0.0181817 0.965599 482.203 1350.26 17.7782 436 0.999022 -0.00865727 -0.0145297 0.990428 490.102 1364.97 15.1288 1641 0.986916 -0.00890747 -0.0109883 0.984882 484.862 1358.43 15.5575 939 0.984534 -0.000882773 -0.00657948 0.975154 485.666 1357.13 15.2038 723
220 0.982293 -0.00176362 -0.00431919 0.99696 -461.174 487.908 15.8835 4321 0.996625 -0.00141302 -0.00510011 0.987434 -465.076 485.672 14.6429 5028 1.00216 0.000808676 -0.0166554 0.994115 -466.049 488.587 16.065 5949 0.995019 0.00289869 -0.00835173 0.985869 -453.791 485.516 15.4456 2735 0.999725 0.000963278 -0.000237189 0.989363 -460.497 484.502 15.5057 2117 1.00584 0.000360141 0.00554122 0.999308 -461.587 485.347 15.4239 1056
221 0.965791 0.00228957 0.0118067 1.0008 -279.72 487.252 15.2299 2006 0.985961 0.000123034 0.00767907 0.989745 -281.129 486.219 14.4526 9086 0.987641 0.00162263 0.0128789 1.01035 -280.532 490.211 16.3929 7756 0.99708 0.000997695 -0.00204265 0.985265 -271.034 485.04 15.1336 4219 0.997606 0.00333386 -0.00106164 0.985368 -276 484.948 15.3343 3819 1.00201 -0.000855577 -0.00575273 0.989894 -276.479 485.624 15.0042 1998
222 0.968937 0.00139467 -0.00452255 0.990426 -100.297 488.013 14.9454 3112 0.991723 -0.000570983 -0.0121866 0.991045 -98.2942 485.913 15.1773 8679 0.989201 0.000605183 0.00643554 1.00478 -97.891 492.13 16.397 6642 0.991065 0.00331629 -0.00849021 0.975549 -87.8448 484.504 14.887 5301 0.997232 0.00527702 -0.0134774 0.982103 -91.9189 484.848 15.1689 6583 1.00711 0.00952454 -0.0142044 0.977851 -91.7425 486.074 14.6048 4101
223 0.986971 -0.00174319 0.00759761 0.989083 81.9765 488.385 15.0556 4428 0.997492 0.00348515 0.0053028 0.982559 86.2506 485.998 14.8777 5547 0.990261 0.0102009 0.00663905 1.00863 85.6436 493.677 16.8403 2674 0.971413 0.00755796 -0.00283851 0.975364 94.0137 484.019 14.5816 3008 0.991562 0.00149107 0.00329027 0.985007 92.4634 484.354 15.3484 8464 0.994428 0.00740919 -0.00580346 0.98339 93.0587 485.43 14.6054 7499
224 1.00442 -0.00328019 0.0239222 0.985718 265.171 489.55 15.8195 3824 1.00996 -0.00557442 0.0132886 0.985174 270.871 486.874 15.1708 3840 1.01349 -0.00758982 0.0135231 1.01022 270.697 492.961 16.7927 1215 0.97307 -0.000313847 0.0267117 0.980107 276.491 483.598 14.3793 2048 0.996061 -0.000585259 0.008064 0.983028 276.296 485.876 14.8265 9616 0.992688 0.00334766 -0.00447104 0.98558 276.707 485.673 15.0998 9213
225 1 0 0 1 0 0 -1 0 1 0 0 1 0 0 -1 0 1 0 0 1 0 0 -1 0 1 0 0 1 0 0 -1 0 1 0 0 1 0 0 -1 0 1 0 0 1 0 0 -1 0
226 0.973206 0.00242448 -0.0183804 0.97785 -464.321 506.164 16.0601 1154 0.973133 -0.00181658 -0.010302 0.977345 -467.06 505.946 14.9401 2257 0.992024 -0.00443582 -0.0372496 0.978852 -468.971 507.726 16.5482 2192 0.974117 0.00428125 0.00146148 0.973041 -451 505.423 15.7543 1570 0.98116 0.00703982 0.00847623 0.974151 -458.512 503.42 16.0963 1251 1.00259 0.0031202 -0.00335943 0.977489 -457.276 505.016 15.6571 812
227 0.943476 -0.0234379 0.0151033 0.998615 -284.263 505.32 15.5908 440 0.974268 -0.00547684 0.00500938 0.993435 -282.87 505.772 15.4053 2998 0.979604 0.00538023 0.0184976 0.986777 -284.723 506.809 16.8004 2253 0.970542 0.0017637 -0.00125605 0.964145 -267.391 504.991 15.4087 1803 0.981473 -0.00110414 0.000905759 0.983988 -273.722 503.685 15.285 1691 0.996716 0.0041969 -0.00424218 0.979709 -271.4 504.899 15.1078 1294
228 0.950465 0.0121111 -0.00241124 0.985749 -102.892 509.582 15.3113 679 0.973858 -0.00433784 -0.0103024 0.983322 -99.6449 504.95 15.8437 2489 0.971838 0.00340854 -0.00607845 0.991044 -102.118 507.348 16.8454 2324 0.97814 0.00515578 -0.00155061 0.966802 -83.6012 504.053 15.3955 1562 0.984133 -0.00241645 -0.00726368 0.971491 -89.2491 502.86 15.1394 2172 0.984892 0.000475877 -0.0109994 0.971476 -86.421 504.9 15.0365 1977
229 0.967331 0.00812282 0.00074923 0.983923 78.4881 509.74 15.3921 1343 0.984551 0.00112075 0.00690411 0.994745 84.4353 504.2 15.5056 1955 0.985949 0.0197209 0.0106753 1.02152 79.5642 506.76 17.7953 1288 0.963679 -0.00139368 -0.0226036 0.978652 97.4808 501.914 14.9779 721 0.978432 0.00299532 0.00356103 0.974703 94.538 502.401 15.6245 2280 0.979728 -0.00134909 -0.00410109 0.979955 97.6709 503.38 14.9913 2708
230 0.974033 -0.0117638 0.0092515 0.97522 262.172 509.835 15.4784 1376 0.985898 -0.0119297 0.00660684 0.971156 269.42 505.718 15.5299 1499 1.00379 -0.00213605 0.013694 1.00631 264.191 508.756 17.9241 632 0.950069 0.000212448 0.0173454 0.96918 278.934 502.398 14.8418 556 0.965359 0.00272747 -0.00397204 0.973373 278.53 504.366 15.2722 2783 0.97252 -0.0059961 -0.00629525 0.976544 281.481 503.446 15.9409 2524
231 0.973039 -0.016299 -0.00424167 0.973329 445.278 511.213 15.9642 1288 0.979699 -0.0141966 -0.00655447 0.975566 453.822 506.917 15.6733 1225 0.974587 -0.0455613 -0.0210376 0.980656 450.459 510.34 18.0467 461 0.9684 -0.009314 0.00884711 0.963792 459.895 505.013 14.9392 1496 0.973162 -0.0111986 -0.00494824 0.970142 461.656 504.843 15.0546 2252 0.975176 -0.0111494 -0.00383869 0.971198 464.851 503.587 15.9097 2377
